# This file may be used to create an environment using:
# $ conda create --name <env> --file <this file>
# platform: linux-64
_libgcc_mutex=0.1=main
_openmp_mutex=5.1=1_gnu
_r-mutex=1.0.1=anacondar_1
binutils_impl_linux-64=2.38=h2a08ee3_1
binutils_linux-64=2.38.0=hc2dff05_0
blas=1.1=openblas
blast=2.5.0=hc0b0e79_3
boost=1.73.0=py39h06a4308_12
bwidget=1.9.14=ha770c72_1
bzip2=1.0.8=h7f98852_4
c-ares=1.18.1=h7f98852_0
ca-certificates=2023.7.22=hbcca054_0
cairo=1.16.0=h18b612c_1001
certifi=2023.7.22=pyhd8ed1ab_0
curl=7.87.0=h5eee18b_0
diamond=0.9.19=h2e03b76_5
fastme=2.1.6.1=hec16e2b_1
fasttree=2.1.11=hec16e2b_1
fftw=3.3.9=h27cfd23_1
fontconfig=2.14.1=hef1e5e3_0
freetype=2.10.4=h0708190_1
fribidi=1.0.10=h36c2ea0_0
gawk=5.1.0=h7b6447c_0
gcc_impl_linux-64=11.2.0=h1234567_1
gcc_linux-64=11.2.0=h5c386dc_0
gfortran_impl_linux-64=11.2.0=h1234567_1
gfortran_linux-64=11.2.0=hc2dff05_0
glib=2.69.1=he621ea3_2
graphite2=1.3.14=h295c915_1
gxx_impl_linux-64=11.2.0=h1234567_1
gxx_linux-64=11.2.0=hc2dff05_0
harfbuzz=4.3.0=hd55b92a_0
icu=58.2=hf484d3e_1000
iqtree=2.1.4_beta=hdcc8f71_0
jpeg=9e=h166bdaf_1
kernel-headers_linux-64=2.6.32=he073ed8_15
keyutils=1.6.1=h166bdaf_0
krb5=1.19.3=h3790be6_0
ld_impl_linux-64=2.38=h1181459_1
lerc=3.0=h295c915_0
libboost=1.73.0=h28710b8_12
libcurl=7.87.0=h91b91d3_0
libdeflate=1.8=h7f8727e_5
libedit=3.1.20191231=he28a2e2_2
libev=4.33=h516909a_1
libffi=3.4.2=h7f98852_5
libgcc-devel_linux-64=11.2.0=h1234567_1
libgcc-ng=11.2.0=h1234567_1
libgfortran-ng=11.2.0=h00389a5_1
libgfortran5=11.2.0=h1234567_1
libgomp=11.2.0=h1234567_1
libidn2=2.3.2=h7f8727e_0
libnghttp2=1.46.0=hce63b2e_0
libnsl=2.0.0=h5eee18b_0
libopenblas=0.3.20=pthreads_h78a6416_0
libpng=1.6.37=hbc83047_0
libssh2=1.10.0=ha56f1ee_2
libstdcxx-devel_linux-64=11.2.0=h1234567_1
libstdcxx-ng=12.2.0=h46fd767_19
libtiff=4.5.0=hecacb30_0
libunistring=0.9.10=h27cfd23_0
libuuid=2.32.1=h7f98852_1000
libwebp-base=1.2.4=h5eee18b_0
libxcb=1.13=h7f98852_1004
libxml2=2.9.14=h74e7548_0
lz4-c=1.9.3=h9c3ff4c_1
mafft=7.505=hec16e2b_0
make=4.3=hd18ef5c_1
mcl=14.137=pl5262h779adbc_6
mmseqs2=13.45111=h95f258a_1
muscle=5.1=h9f5acd7_1
ncurses=6.3=h27087fc_1
numpy=1.22.3=py39h7a5d4dd_0
numpy-base=1.22.3=py39hb8be1f0_0
openblas=0.3.20=pthreads_h320a7e8_0
openssl=1.1.1w=h7f8727e_0
orthofinder=2.4.0=0
pango=1.50.7=h05da053_0
pcre=8.45=h9c3ff4c_0
pcre2=10.37=h032f7d1_0
perl=5.26.2=h14c3975_0
perl-exporter=5.72=pl526_1
perl-exporter-tiny=1.002001=pl526_0
perl-list-moreutils=0.15=pl526_1
perl-math-bigint=1.999816=pl526_0
perl-math-combinatorics=0.09=pl526_1
perl-math-complex=1.59=pl526_0
perl-parallel-forkmanager=1.17=pl526_1
perl-statistics-descriptive=3.0702=pl526_0
perl-xsloader=0.24=pl526_0
pip=22.3.1=py39h06a4308_0
pixman=0.38.0=h516909a_1003
pthread-stubs=0.4=h36c2ea0_1001
py-boost=1.73.0=py39h51133e4_12
python=3.9.16=h7a1cb2a_0
r-base=4.2.0=h1ae530e_0
raxml=8.2.12=hec16e2b_4
readline=8.2=h5eee18b_0
scipy=1.7.3=py39hf838250_2
setuptools=65.6.3=py39h06a4308_0
sqlite=3.40.1=h5082296_0
sysroot_linux-64=2.12=he073ed8_15
tk=8.6.12=h1ccaba5_0
tktable=2.10=hb7b940f_3
tzdata=2022g=h04d1e81_0
wget=1.21.3=h0b77cf5_0
wheel=0.37.1=pyhd3eb1b0_0
xorg-kbproto=1.0.7=h7f98852_1002
xorg-libice=1.0.10=h7f98852_0
xorg-libsm=1.2.3=hd9c2040_1000
xorg-libx11=1.7.2=h7f98852_0
xorg-libxau=1.0.9=h7f98852_0
xorg-libxdmcp=1.1.3=h7f98852_0
xorg-libxext=1.3.4=h7f98852_1
xorg-libxrender=0.9.10=h7f98852_1003
xorg-renderproto=0.11.1=h7f98852_1002
xorg-xextproto=7.3.0=h7f98852_1002
xorg-xproto=7.0.31=h7f98852_1007
xz=5.2.10=h5eee18b_1
zlib=1.2.13=h5eee18b_0
zstd=1.5.2=ha4553b6_0
